Sulteng,2013,3.80,7.82,2,1794164,3045274,54555
Sulteng,2014,3.50,7.89,2,1802514,5088779,75738
Sulteng,2015,3.28,7.97,3,1830139,3896612.5,67769
Sulteng,2016,3.51,8.12,4,2628569,2704446,93759
Sulteng,2017,4.58,8.29,6,2767320,5868947,98759
Sulteng,2018,4.51,8.52,8,4075993,4006359,109151
Sulteng,2019,5.27,8.75,13,3144536,5849637,132743
Sulteng,2020,5.52,8.83,16,2480807,4760736,121664
Sulteng,2021,5.52,8.89,8,3732957,6194369,133641
Sulteng,2022,5.60,8.89,10,4421855,5152315,141841
Sultra,2013,3.71,8.79,4,2476138,4937307,61284
Sultra,2014,3.50,8.86,7,2487662,5538344,58752
Sultra,2015,3.43,8.88,8,2525789,4111112,62536
Sultra,2016,3.91,8.32,8,3334594,4806581,98975
Sultra,2017,4.72,8.46,11,2934805,5502050,100484.5
Sultra,2018,4.83,8.69,11,2215863,4788440,101994
Sultra,2019,5.58,8.91,11,4875192,3860889,126060
Sultra,2020,5.73,9.04,12,1571622,4498709,108301
Sultra,2021,5.73,9.13,23,2026911,4387282,117565
Sultra,2022,5.78,9.25,3,6453017,5230449,130836
Sulbar ,2013,3.59,6.87,2,8758491,1824405,24116
Sulbar ,2014,3.00,6.88,3,8799252,2769582,27798
Sulbar ,2015,2.70,6.94,5,8934113,952945,25433
Sulbar ,2016,3.02,7.14,5,9465868,1041291,23482
Sulbar ,2017,4.03,7.31,6,9685926,1129637,22582
Sulbar ,2018,4.14,7.50,9,10073934,1382622,35647
Sulbar ,2019,4.73,7.73,14,24416073,1336514,49439
Sulbar ,2020,5.33,7.89,14,9215054,1042264,43718
Sulbar ,2021,5.33,7.96,14,10228085,2196707,55218
Sulbar ,2022,5.49,8.08,17,28599212,1487549,57563
Sulut,2013,4.65,8.79,3,2300603,2476273,72495
Sulut,2014,4.30,8.86,6,2311310,2910039,71843
Sulut,2015,4.11,8.88,7,2346733,4654118,71957
Sulut,2016,4.64,8.96,10,2760287,5374331,94117
Sulut,2017,5.29,9.14,12,2699117,6094544,99002.5
Sulut,2018,5.33,9.24,13,3159735,3736595,103888
Sulut,2019,5.69,9.43,17,5575499,4424652,110649
Sulut,2020,5.93,9.49,18,1983012,4052790,103365
Sulut,2021,5.93,9.62,23,2581155,5465260,123248
Sulut,2022,5.87,9.68,24,12783046,3920870,131049
Sulsel,2013,4.04,7.45,4,833345,15181252,218343
Sulsel,2014,3.90,7.49,7,837223,28267806,252156
Sulsel,2015,3.75,7.64,10,850056,19973269,268325
Sulsel,2016,4.26,7.75,18,1283292,18538199,350207
Sulsel,2017,5.02,7.95,24,1054041,17103129,348427
Sulsel,2018,5.10,8.02,24,1028165,12967717,346647
Sulsel,2019,5.53,8.26,29,1346611,28766892,394459
Sulsel,2020,5.80,8.38,32,848058,18075366,368203
Sulsel,2021,5.80,8.46,43,1188830,11119208,423120
Sulsel,2022,5.92,8.63,45,1478813,14864616,461976
